Memory allocation
Number of elements
Avererage nanoseconds
2
insert() one
insert() one reserved
1 196 131
2 468 123
3 225 123
4 225 124
5 287 126
6 277 127
7 280 130
8 282 131
9 334 134
10 974 136
10 327 136
20 456 157
30 453 172
40 529 203
50 533 225
60 551 245
70 671 270
80 647 290
90 668 305
100 683 329
100 689 326
200 1086 530
300 1555 728
400 1548 963
500 1770 1167
600 2232 1416
700 2262 1627
800 2520 1844
900 2760 2054
1000 2954 2281
1000 2913 2267
2000 5540 4461
3000 8071 6636
4000 9671 8796
5000 13591 10950
6000 14640 13152
7000 16912 15187
8000 19292 17178
9000 23414 19363
10000 24776 21763
10000 24607 21522
20000 65013 42756
30000 94601 64501
40000 153329 85619
50000 183647 107393
60000 204572 128178
70000 301821 149061
80000 325083 171101
90000 354710 192812
100000 383153 213961
100000 384698 214461
200000 792261 432910
300000 1442678 657407
400000 1703055 868826
500000 1979260 1084540
600000 2793931 1290668
700000 3040906 1508703
800000 3290586 1726931
900000 3558668 1943479
1000000 3835794 2170192
1000000 3827690 2164332
2000000 7698713 4310742
3000000 13817155 6502097
4000000 16800284 8622030
5000000 28048661 11085294
6000000 25730719 13039614
7000000 28515955 15269547
8000001 31446155 17479838
9000000 48670484 23964127
10000000 51570821 26835610
